               PC1          PC2          PC3         PC4          PC5          PC6         PC7         PC8         PC9
CRIM     0.2423209 -0.053025869  0.491796770  0.11347010  0.419774238 -0.654315505  0.18104620  0.01066828  0.01317512
ZN      -0.2670150 -0.163440022  0.448687075 -0.25596090  0.344410503  0.375221201 -0.32866815  0.34653059  0.06681312
INDUS    0.3491091  0.131207420 -0.026927754  0.02282340  0.097643529  0.418321695  0.24063335 -0.03766702 -0.44374813
NOX      0.3406941  0.274870679  0.008333434 -0.20881507  0.090752964  0.202673828  0.05655179 -0.23425067  0.43353524
RM      -0.2236836  0.497372266  0.276340008  0.31496836 -0.050561692 -0.024484373 -0.42704588 -0.49848065 -0.26375338
AGE      0.3174623  0.284958869 -0.164560865 -0.09738696  0.032993959 -0.121326367 -0.60225121  0.22779730  0.32545181
DIS     -0.3164082 -0.399144533  0.150960012 -0.01774899  0.001274579  0.112241377 -0.12783690 -0.32438042  0.11019667
TAX      0.3210346  0.021170437  0.328468644  0.20513775  0.256808272  0.405196505  0.10375608 -0.10948779  0.08521086
PTRATIO  0.2129928 -0.336651500 -0.085334498  0.77180353 -0.076779105  0.106551099 -0.23639754  0.23682185  0.06695382
B       -0.2002495  0.001195848 -0.556642044  0.11068618  0.777700856 -0.005555136 -0.04248589 -0.16383474 -0.03384233
LSTAT    0.3323154 -0.223781835 -0.042645453 -0.31318087  0.042912991 -0.104602539 -0.37825477  0.03296919 -0.61551208
MEDV    -0.2866017  0.475338924  0.054273982  0.14277157  0.072444865  0.024144478  0.15858497  0.56737323 -0.17642293
               PC10         PC11        PC12
CRIM     0.19122895  0.009866035 -0.09828088
ZN       0.18924718 -0.300012636  0.13172868
INDUS    0.62537072  0.148982711 -0.07492774
NOX     -0.08036450 -0.424730444 -0.53151574
RM       0.03176223 -0.142881093  0.04495322
AGE      0.21378787  0.442369948  0.06106942
DIS      0.11443098  0.500327442 -0.55473920
TAX     -0.53306974  0.373251196  0.25077306
PTRATIO  0.05038388 -0.253399959 -0.19464774
B       -0.04182867 -0.030638886  0.02160743
LSTAT   -0.36643031 -0.078294818 -0.25176192
MEDV    -0.21803389  0.173990636 -0.45470168
Importance of components:
                         PC1    PC2     PC3     PC4     PC5     PC6     PC7     PC8     PC9   PC10    PC11    PC12
Standard deviation     2.447 1.2318 1.06611 0.90075 0.80234 0.72301 0.63355 0.50550 0.46271 0.4369 0.42697 0.36875
Proportion of Variance 0.499 0.1265 0.09472 0.06761 0.05365 0.04356 0.03345 0.02129 0.01784 0.0159 0.01519 0.01133
Cumulative Proportion  0.499 0.6254 0.72017 0.78778 0.84142 0.88499 0.91844 0.93973 0.95757 0.9735 0.98867 1.00000
